2419
1764
1012
2469
824
2458
2469
1879
507
2469
1879
2426
484
1536
2346
824
1213
1405
1268
2469
2345
1536
2346
2469
1072
504
297
2426
824
1366
107
1015
1424
487
2469
1366
2346
487
1072
1213
1536
484
2346
1879
1072
1405
487
2469
1213
1405
1879
1213
2469
824
2458
2469
297
1879
2458
1424
1103
2469
1536
507
2469
1213
1405
1424
2469
1072
2346
1424
2458
504
1268
1424
1103
2469
1103
824
2345
2345
824
1366
504
2426
1213
487
2469
1536
2345
2469
2345
1879
1366
1213
1536
2346
824
507
484
2469
2426
1879
2346
484
1424
2469
824
507
1213
1424
484
1424
2346
2458
2105
2469
1213
1405
1424
2469
2345
1879
1366
1213
1536
2346
824
507
484
2469
1072
2346
1536
297
2426
1424
1268
2357
2469
2419
1764
1012
2469
2458
1213
1879
507
1103
2458
2469
2345
1536
2346
2469
2419
1536
507
2469
2419
824
513
1424
2458
1213
2105
2469
1012
1103
824
2469
1764
1405
1879
1268
824
2346
2469
1879
507
1103
2469
1242
1424
1536
507
1879
2346
1103
2469
1012
1103
2426
1424
1268
1879
507
2105
2469
1656
1405
1536
2469
2345
824
2346
2458
1213
2469
1072
504
297
2426
824
1366
2426
487
2469
1103
1424
2458
1366
2346
824
297
1424
1103
2469
824
1213
2469
824
507
2469
2093
1855
1274
1274
2357
928
1002
1440
1405
824
2458
2469
2345
824
2426
1424
2458
2469
2458
1405
1536
1656
2458
2469
1879
2469
2458
824
1268
1072
2426
1424
2469
824
1268
1072
2426
824
1268
1424
507
1213
1879
1213
824
1536
507
2469
1536
2345
2469
1213
1405
1424
2469
1879
2426
484
1536
2346
824
1213
1405
1268
2469
2345
1536
2346
2469
504
1072
2469
1213
1536
2469
2093
1543
2469
297
824
1213
2458
928
1002
928
1002
7
824
1213
1424
2469
1012
2458
928
1002
1764
1405
1879
504
507
2469
2466
1536
1268
1424
122
2469
204
2451
1329
2451
2451
820
2357
2469
1567
1268
1072
2426
1424
1268
1424
507
1213
1879
1213
824
1536
507
2469
1536
2345
2469
2419
1764
1012
2469
1012
2426
484
1536
2346
824
1213
1405
1268
2469
204
1405
1213
1213
1072
2458
2022
2243
2243
1656
1656
1656
2357
1268
1879
1213
1405
1656
1536
2346
1015
2458
2357
1366
1536
1268
2243
1268
1879
1213
2426
1879
297
1366
1424
507
1213
2346
1879
2426
2243
2345
824
2426
1424
1424
970
1366
1405
1879
507
484
1424
2243
2109
321
773
2109
1855
107
824
1268
1072
2426
1424
1268
1424
507
1213
1879
1213
824
1536
507
107
1536
2345
107
2346
2458
1879
107
1879
2426
484
1536
2346
824
1213
1405
1268
820
2105
2469
1784
1012
1440
1242
1012
1753
2469
7
1424
507
1213
2346
1879
2426
2469
142
824
2426
1424
2469
2229
970
1366
1405
1879
507
484
1424
2357
2469
2419
1424
1213
2346
824
1424
513
1424
1103
2469
1843
504
2426
487
2469
1274
2105
2469
2451
1329
2451
2451
2357
